138749
39782
108267
40167
133152
22797
10403
122207
124306
20971
45230
125719
88550
22957
110586
111490
33425
144183
145074
105734
159211
341331
327269
15369
91847
32064
115752
40610
10609
41288
63866
653877
90199
166878
131265
105655
11204
14948
74616
123495
10976
97318
156829
194799
19894
18906
685608
86274
86246
104921
160893
43077
50948
19301
42844
27415
132301
63863
452412
11664
85182
27588
106468
191567
49720
247493
148489
730752
362730
46371
129048
75832
68542
11350
23819
76056
51025
27065
50401
36261
237739
13770
200054
24934
28224
11803
394412
136039
110974
42062
23048
129521
22497
47208
65763
13321
394285
216542
51109
45277
105883
91010
573842
55831
14648
144726
24049
145004
50222
48140
164383
25139
71803
81217
12239
74511
98294
51847
85951
65187
103509
199872
26164
65530
292232
41808
37745
295692
55137
44293
57515
233867
45560
135414
50729
33371
53612
30812
93362
23788
24593
324575
114373
118133
61905
28962
100187
183254
81208
36170
31830
81689
66841
95481
26958
39206
38032
21199
48200
36556
23244
16164
97567
498345
177421
17991
927611
407899
429238
19262
28449
29927
234328
22565
448315
198666
24225
56537
239436
10127
28483
137511
34597
284620
109589
66555
80048
44866
94653
74922
13893
24901
1475061
1181213
42871
22188
32804
281640
146155
66504
117849
251902
749455
172686
34959
70638
312614
132755
68871
293196
185730
12860
117737
302790
441422
59364
71468
362732
268263
691653
83000
29705
14759
76884
42414
30164
15993
22419
25167
45917
26464
703986
10929
15851
57244
611853
33888
158239
207397
38656
24451
72191
10603
36529
191178
28065
58334
103194
197130
205364
14897
26730
13738
31179
58915
26433
39985
53877
35132
63569
56752
70517
57769
43527
20371
154840
68394
37836
24216
23144
